image: carto-test.pgm
resolution: 0.050000
origin: [-0.450000, -19.950000, 0.000000]
negate: 0
occupied_thresh: 0.65
free_thresh: 0.196

